#time	 meanx: <x>	 Meansqdist: <x^2> - <x>^2	  deff: (<x^2> - <x>^2)/(2t)	 third cumulant: <x^3>-3<x^2><x>+2<x>^3
0.006280	 -4.548460	 2.70294	 -17.98555	 -716.00310	 -156.78464
0.009420	 -5.876855	 4.68599	 -29.85144	 -792.24877	 -336.74887
0.012560	 -7.305908	 7.76290	 -45.61340	 -907.92130	 -640.05357
0.015700	 -8.895136	 11.83592	 -67.28753	 -1071.46818	 -1149.68179
0.018840	 -10.231764	 16.04132	 -88.64768	 -1176.33246	 -1741.57961
0.021980	 -11.743912	 21.67276	 -116.24670	 -1322.19664	 -2620.79565
0.025120	 -13.134119	 27.69389	 -144.81119	 -1441.20322	 -3649.24498
0.028260	 -14.799020	 35.40164	 -183.60936	 -1624.29567	 -5210.81105
0.031400	 -16.359093	 43.60275	 -224.01719	 -1783.58527	 -7026.20050
0.003140	 -3.592438	 2.30366	 -10.60195	 -844.10469	 -73.11223
0.006280	 -5.337996	 3.99407	 -24.50013	 -975.32359	 -251.42309
0.009420	 -7.006464	 6.74170	 -42.34885	 -1123.90790	 -570.07769
0.012560	 -8.865402	 10.75176	 -67.84358	 -1350.38982	 -1154.34148
0.015700	 -10.672988	 15.92864	 -97.98404	 -1560.25543	 -2005.62853
0.018840	 -12.560705	 22.47486	 -135.29644	 -1795.33488	 -3256.59813
0.021980	 -14.434459	 30.00649	 -178.34711	 -2028.51577	 -4930.02833
0.025120	 -16.152358	 37.89628	 -223.00238	 -2219.37082	 -6895.29313
0.028260	 -18.136575	 47.87890	 -281.05646	 -2486.34522	 -9754.23085
0.031400	 -20.027467	 58.76477	 -342.33466	 -2725.59445	 -13116.37337
0.034540	 -21.877795	 70.28402	 -408.35391	 -2955.65945	 -17087.31174
0.037680	 -23.700638	 82.86780	 -478.85246	 -3177.09963	 -21701.07756
0.040820	 -25.639160	 97.36187	 -560.00468	 -3429.71998	 -27450.01141
0.043960	 -27.532221	 112.50844	 -645.51473	 -3671.03461	 -33975.57712
0.047100	 -29.325942	 127.91003	 -732.10087	 -3885.88574	 -41037.95069
0.050240	 -31.294092	 146.21155	 -833.10866	 -4145.64423	 -49828.95005
0.053380	 -33.038586	 163.70356	 -927.84462	 -4345.46938	 -58579.79743
0.056520	 -35.105157	 184.77994	 -1047.59210	 -4633.72301	 -70275.63367
0.059660	 -37.094669	 206.53553	 -1169.47897	 -4900.59909	 -82891.27314
0.062800	 -38.973032	 227.79252	 -1291.10471	 -5139.74803	 -96144.09473
0.065940	 -40.841934	 250.22302	 -1417.84059	 -5375.49511	 -110640.27011
0.069080	 -42.871888	 275.01410	 -1562.98471	 -5656.42988	 -128034.47477
0.072220	 -44.910924	 300.19725	 -1716.79380	 -5942.93063	 -147329.82250
0.075360	 -46.888089	 326.84576	 -1871.64714	 -6209.02049	 -167686.09135
0.078500	 -48.877074	 354.04384	 -2034.92455	 -6480.65143	 -190049.73881
0.081640	 -50.913869	 382.84973	 -2209.37236	 -6765.59396	 -214951.20025
0.084780	 -53.010495	 414.05475	 -2396.05780	 -7065.51603	 -242717.41245
0.087920	 -55.138287	 446.46249	 -2593.76818	 -7375.36447	 -273298.24182
0.091060	 -57.122200	 477.31856	 -2785.62721	 -7647.77951	 -304088.48557
0.094200	 -59.232129	 511.67656	 -2996.76851	 -7953.20730	 -339229.76005
0.097340	 -61.135887	 541.99017	 -3195.60647	 -8207.33119	 -373399.82706
0.100480	 -63.247749	 577.59426	 -3422.68347	 -8515.83268	 -413769.58795
0.103620	 -65.236162	 611.86703	 -3643.88986	 -8791.47332	 -454383.78795
0.106760	 -67.463631	 652.12546	 -3899.21601	 -9130.79808	 -502835.34209
0.109900	 -69.637667	 693.06872	 -4156.33598	 -9454.81341	 -553285.44486
0.113040	 -71.774332	 732.71038	 -4418.84441	 -9772.74506	 -606309.18935
0.116180	 -73.895978	 774.19965	 -4686.41596	 -10084.38621	 -662071.09118
0.119320	 -75.866046	 813.79742	 -4941.85947	 -10354.21445	 -716816.05344
0.122460	 -78.003821	 857.46465	 -5227.13137	 -10671.09948	 -779601.31830
0.125600	 -80.094809	 902.04151	 -5513.13685	 -10973.60043	 -844328.03520
0.128740	 -81.979296	 944.56277	 -5776.04224	 -11216.48719	 -905407.79022
0.131880	 -84.140187	 991.84420	 -6087.72693	 -11540.27702	 -979464.24097
0.135020	 -86.264437	 1039.34544	 -6402.20773	 -11854.18407	 -1056117.86581
0.138160	 -88.217446	 1084.50323	 -6697.81459	 -12119.67029	 -1129937.97391
0.141300	 -90.152003	 1131.22552	 -6996.15809	 -12378.19903	 -1206167.81020
0.144440	 -92.117806	 1180.09244	 -7305.59769	 -12644.69276	 -1286977.28769
0.147580	 -94.241709	 1232.26879	 -7649.23090	 -12957.77019	 -1378622.78383
0.150720	 -96.267916	 1283.36089	 -7984.15069	 -13243.34974	 -1469966.30174
0.153860	 -98.390098	 1338.05771	 -8342.55376	 -13555.42987	 -1569847.74855
0.157000	 -100.338838	 1389.53162	 -8678.35079	 -13819.02991	 -1665424.94251
0.160140	 -102.336994	 1443.79002	 -9029.07031	 -14095.58872	 -1767270.96868
0.163280	 -104.312536	 1497.98308	 -9383.12219	 -14366.61285	 -1872055.91558
0.166420	 -106.265351	 1552.15831	 -9740.16656	 -14631.90505	 -1979693.26479
0.169560	 -108.293646	 1610.52333	 -10116.99049	 -14916.53470	 -2095560.42065
0.172700	 -110.450328	 1674.32073	 -10524.95424	 -15235.89207	 -2223506.06650
0.175840	 -112.493243	 1735.76700	 -10918.96277	 -15524.00303	 -2349420.94104
0.178980	 -114.595148	 1799.09543	 -11332.95247	 -15829.91462	 -2484102.28082
0.182120	 -116.693505	 1864.05425	 -11753.31998	 -16134.03247	 -2623411.05058
0.185260	 -118.791682	 1929.56295	 -12181.90078	 -16438.92473	 -2768023.43087
0.188400	 -120.879483	 1995.78341	 -12616.06606	 -16741.06430	 -2917120.51959


Average of all Threads:

meanx = -120.87948	 meanxsqu = 1995.78341	 msdall = -12616.06606	 deff = -16741.06430	 thirdcum = -2917120.51959

